20     0.5025125628140703
24     1.0050251256281406
24     1.5075376884422111
74     2.0100502512562812
122     2.512562814070352
129     3.0150753768844223
141     3.5175879396984926
147     4.0201005025125625
150     4.522613065326633
172     5.025125628140704
172     5.527638190954774
222     6.030150753768845
222     6.532663316582915
241     7.035175879396985
242     7.5376884422110555
249     8.040201005025125
270     8.542713567839195
286     9.045226130653266
286     9.547738693467336
316     10.050251256281408
321     10.552763819095478
326     11.055276381909549
331     11.557788944723619
350     12.06030150753769
353     12.56281407035176
367     13.06532663316583
375     13.5678391959799
377     14.07035175879397
386     14.57286432160804
386     15.075376884422111
386     15.577889447236181
386     16.08040201005025
389     16.582914572864322
389     17.08542713567839
391     17.587939698492463
391     18.09045226130653
391     18.592964824120603
391     19.09547738693467
392     19.597989949748744
406     20.100502512562816
406     20.603015075376884
406     21.105527638190956
412     21.608040201005025
412     22.110552763819097
453     22.613065326633166
462     23.115577889447238
463     23.618090452261306
463     24.12060301507538
468     24.623115577889447
472     25.12562814070352
483     25.628140703517587
493     26.13065326633166
493     26.633165829145728
498     27.1356783919598
508     27.63819095477387
510     28.14070351758794
513     28.64321608040201
514     29.14572864321608
529     29.64824120603015
533     30.150753768844222
533     30.65326633165829
533     31.155778894472363
533     31.65829145728643
535     32.1608040201005
541     32.663316582914575
541     33.165829145728644
543     33.66834170854271
558     34.17085427135678
558     34.67336683417086
559     35.175879396984925
568     35.678391959798994
584     36.18090452261306
584     36.68341708542714
586     37.185929648241206
590     37.688442211055275
590     38.19095477386934
590     38.69346733668342
590     39.19597989949749
590     39.698492462311556
602     40.20100502512563
610     40.7035175879397
612     41.20603015075377
614     41.70854271356784
629     42.21105527638191
632     42.71356783919598
645     43.21608040201005
645     43.71859296482412
656     44.221105527638194
656     44.72361809045226
667     45.22613065326633
669     45.7286432160804
669     46.231155778894475
730     46.733668341708544
730     47.23618090452261
738     47.73869346733668
739     48.24120603015076
739     48.743718592964825
739     49.246231155778894
742     49.74874371859296
752     50.25125628140704
752     50.753768844221106
755     51.256281407035175
757     51.75879396984924
757     52.26130653266332
778     52.76381909547739
785     53.266331658291456
786     53.768844221105525
787     54.2713567839196
794     54.77386934673367
811     55.27638190954774
811     55.778894472361806
815     56.28140703517588
818     56.78391959798995
818     57.28643216080402
821     57.78894472361809
827     58.29145728643216
827     58.79396984924623
828     59.2964824120603
828     59.79899497487437
828     60.301507537688444
828     60.80402010050251
835     61.30653266331658
845     61.80904522613066
849     62.311557788944725
852     62.814070351758794
852     63.31658291457286
860     63.81909547738694
860     64.321608040201
867     64.82412060301507
867     65.32663316582915
868     65.82914572864321
873     66.33165829145729
874     66.83417085427136
874     67.33668341708542
874     67.8391959798995
889     68.34170854271356
893     68.84422110552764
898     69.34673366834171
898     69.84924623115577
908     70.35175879396985
908     70.85427135678393
908     71.35678391959799
918     71.85929648241206
925     72.36180904522612
926     72.8643216080402
926     73.36683417085428
926     73.86934673366834
926     74.37185929648241
926     74.87437185929649
932     75.37688442211055
937     75.87939698492463
947     76.38190954773869
953     76.88442211055276
970     77.38693467336684
970     77.8894472361809
970     78.39195979899498
971     78.89447236180905
974     79.39698492462311
980     79.89949748743719
988     80.40201005025126
990     80.90452261306532
1008     81.4070351758794
1008     81.90954773869346
1009     82.41206030150754
1009     82.91457286432161
1012     83.41708542713567
1013     83.91959798994975
1025     84.42211055276383
1026     84.92462311557789
1029     85.42713567839196
1066     85.92964824120602
1075     86.4321608040201
1077     86.93467336683418
1106     87.43718592964824
1106     87.93969849246231
1110     88.44221105527639
1110     88.94472361809045
1110     89.44723618090453
1110     89.94974874371859
1111     90.45226130653266
1111     90.95477386934674
1111     91.4572864321608
1111     91.95979899497488
1123     92.46231155778895
1139     92.96482412060301
1157     93.46733668341709
1162     93.96984924623115
1190     94.47236180904522
1216     94.9748743718593
1218     95.47738693467336
1267     95.97989949748744
1315     96.48241206030151
1338     96.98492462311557
1344     97.48743718592965
1427     97.98994974874371
1439     98.49246231155779
1484     98.99497487437186
1519     99.49748743718592
1649     100.0
