20     0.5025125628140703
24     1.0050251256281406
24     1.5075376884422111
129     2.0100502512562812
150     2.512562814070352
225     3.0150753768844223
225     3.5175879396984926
270     4.0201005025125625
286     4.522613065326633
286     5.025125628140704
335     5.527638190954774
425     6.030150753768845
474     6.532663316582915
483     7.035175879396985
483     7.5376884422110555
483     8.040201005025125
561     8.542713567839195
561     9.045226130653266
605     9.547738693467336
778     10.050251256281408
1103     10.552763819095478
1103     11.055276381909549
1171     11.557788944723619
1171     12.06030150753769
1294     12.56281407035176
1445     13.06532663316583
1470     13.5678391959799

