20     0.5025125628140703
24     1.0050251256281406
24     1.5075376884422111
74     2.0100502512562812
122     2.512562814070352
129     3.0150753768844223
141     3.5175879396984926
147     4.0201005025125625
150     4.522613065326633
172     5.025125628140704
172     5.527638190954774
222     6.030150753768845
222     6.532663316582915
241     7.035175879396985
242     7.5376884422110555
249     8.040201005025125
270     8.542713567839195
286     9.045226130653266
286     9.547738693467336
316     10.050251256281408
321     10.552763819095478
326     11.055276381909549
331     11.557788944723619
350     12.06030150753769
353     12.56281407035176
367     13.06532663316583
375     13.5678391959799
377     14.07035175879397
386     14.57286432160804
386     15.075376884422111
386     15.577889447236181
386     16.08040201005025
389     16.582914572864322
389     17.08542713567839
391     17.587939698492463
391     18.09045226130653
391     18.592964824120603
391     19.09547738693467
392     19.597989949748744
406     20.100502512562816
406     20.603015075376884
406     21.105527638190956
412     21.608040201005025
412     22.110552763819097
453     22.613065326633166
462     23.115577889447238
463     23.618090452261306
463     24.12060301507538
468     24.623115577889447
472     25.12562814070352
483     25.628140703517587
493     26.13065326633166
493     26.633165829145728
498     27.1356783919598
508     27.63819095477387
510     28.14070351758794
513     28.64321608040201
514     29.14572864321608
529     29.64824120603015
533     30.150753768844222
533     30.65326633165829
533     31.155778894472363
533     31.65829145728643
535     32.1608040201005
541     32.663316582914575
541     33.165829145728644
543     33.66834170854271
558     34.17085427135678
558     34.67336683417086
559     35.175879396984925
568     35.678391959798994
584     36.18090452261306
586     36.68341708542714
590     37.185929648241206
590     37.688442211055275
590     38.19095477386934
590     38.69346733668342
590     39.19597989949749
602     39.698492462311556
610     40.20100502512563
612     40.7035175879397
614     41.20603015075377
632     41.70854271356784
645     42.21105527638191
645     42.71356783919598
656     43.21608040201005
656     43.71859296482412
667     44.221105527638194
669     44.72361809045226
669     45.22613065326633
730     45.7286432160804
730     46.231155778894475
738     46.733668341708544
739     47.23618090452261
739     47.73869346733668
739     48.24120603015076
752     48.743718592964825
752     49.246231155778894
755     49.74874371859296
757     50.25125628140704
757     50.753768844221106
778     51.256281407035175
785     51.75879396984924
786     52.26130653266332
787     52.76381909547739
811     53.266331658291456
811     53.768844221105525
815     54.2713567839196
821     54.77386934673367
827     55.27638190954774
827     55.778894472361806
828     56.28140703517588
828     56.78391959798995
828     57.28643216080402
828     57.78894472361809
849     58.29145728643216
852     58.79396984924623
852     59.2964824120603
860     59.79899497487437
860     60.301507537688444
867     60.80402010050251
867     61.30653266331658
868     61.80904522613066
873     62.311557788944725
874     62.814070351758794
874     63.31658291457286
874     63.81909547738694
889     64.321608040201
893     64.82412060301507
898     65.32663316582915
898     65.82914572864321
908     66.33165829145729
908     66.83417085427136
908     67.33668341708542
918     67.8391959798995
925     68.34170854271356
926     68.84422110552764
926     69.34673366834171
926     69.84924623115577
926     70.35175879396985
926     70.85427135678393
932     71.35678391959799
937     71.85929648241206
947     72.36180904522612
953     72.8643216080402
971     73.36683417085428
974     73.86934673366834
980     74.37185929648241
988     74.87437185929649
990     75.37688442211055
1008     75.87939698492463
1009     76.38190954773869
1009     76.88442211055276
1012     77.38693467336684
1025     77.8894472361809
1029     78.39195979899498
1075     78.89447236180905
1077     79.39698492462311
1106     79.89949748743719
1106     80.40201005025126
1110     80.90452261306532
1110     81.4070351758794
1110     81.90954773869346
1110     82.41206030150754
1111     82.91457286432161
1111     83.41708542713567
1111     83.91959798994975
1111     84.42211055276383
1123     84.92462311557789
1139     85.42713567839196
1157     85.92964824120602
1162     86.4321608040201
1190     86.93467336683418
1216     87.43718592964824
1218     87.93969849246231
1267     88.44221105527639
1315     88.94472361809045
1338     89.44723618090453
1344     89.94974874371859
1427     90.45226130653266
1439     90.95477386934674
1484     91.4572864321608
1519     91.95979899497488
1649     92.46231155778895
