20     0.5025125628140703
33     1.0050251256281406
33     1.5075376884422111
68     2.0100502512562812
88     2.512562814070352
133     3.0150753768844223
179     3.5175879396984926
252     4.0201005025125625
252     4.522613065326633
252     5.025125628140704
274     5.527638190954774
279     6.030150753768845
300     6.532663316582915
323     7.035175879396985
325     7.5376884422110555
336     8.040201005025125
348     8.542713567839195
353     9.045226130653266
366     9.547738693467336
404     10.050251256281408
421     10.552763819095478
461     11.055276381909549
485     11.557788944723619
512     12.06030150753769
544     12.56281407035176
545     13.06532663316583
553     13.5678391959799
554     14.07035175879397
555     14.57286432160804
558     15.075376884422111
559     15.577889447236181
566     16.08040201005025
566     16.582914572864322
587     17.08542713567839
604     17.587939698492463
604     18.09045226130653
604     18.592964824120603
606     19.09547738693467
606     19.597989949748744
614     20.100502512562816
614     20.603015075376884
623     21.105527638190956
631     21.608040201005025
634     22.110552763819097
650     22.613065326633166
658     23.115577889447238
658     23.618090452261306
660     24.12060301507538
677     24.623115577889447
677     25.12562814070352
682     25.628140703517587
703     26.13065326633166
719     26.633165829145728
20     0.5025125628140703
33     1.0050251256281406
33     1.5075376884422111
68     2.0100502512562812
88     2.512562814070352
133     3.0150753768844223
179     3.5175879396984926
252     4.0201005025125625
252     4.522613065326633
252     5.025125628140704
274     5.527638190954774
279     6.030150753768845
300     6.532663316582915
20     0.5025125628140703
33     1.0050251256281406
33     1.5075376884422111
68     2.0100502512562812
88     2.512562814070352
133     3.0150753768844223
179     3.5175879396984926
252     4.0201005025125625
252     4.522613065326633
252     5.025125628140704
274     5.527638190954774
279     6.030150753768845
300     6.532663316582915
323     7.035175879396985
325     7.5376884422110555
24     0.5025125628140703
37     1.0050251256281406
41     1.5075376884422111
72     2.0100502512562812
91     2.512562814070352
20     0.5025125628140703
33     1.0050251256281406
33     1.5075376884422111
68     2.0100502512562812
88     2.512562814070352
133     3.0150753768844223
179     3.5175879396984926
252     4.0201005025125625
252     4.522613065326633
252     5.025125628140704
274     5.527638190954774
279     6.030150753768845
300     6.532663316582915
323     7.035175879396985
325     7.5376884422110555
336     8.040201005025125
348     8.542713567839195
353     9.045226130653266
366     9.547738693467336
404     10.050251256281408
421     10.552763819095478
461     11.055276381909549
485     11.557788944723619
512     12.06030150753769
544     12.56281407035176
545     13.06532663316583
553     13.5678391959799
554     14.07035175879397
555     14.57286432160804
558     15.075376884422111
559     15.577889447236181
566     16.08040201005025
566     16.582914572864322
587     17.08542713567839
604     17.587939698492463
604     18.09045226130653
604     18.592964824120603
606     19.09547738693467
606     19.597989949748744
614     20.100502512562816
614     20.603015075376884
623     21.105527638190956
631     21.608040201005025
634     22.110552763819097
650     22.613065326633166
658     23.115577889447238
658     23.618090452261306
660     24.12060301507538
677     24.623115577889447
677     25.12562814070352
682     25.628140703517587
20     0.5025125628140703
33     1.0050251256281406
33     1.5075376884422111
68     2.0100502512562812
88     2.512562814070352
20     0.5025125628140703
47     1.0050251256281406
47     1.5075376884422111
223     2.0100502512562812
274     2.512562814070352
374     3.0150753768844223
374     3.5175879396984926
413     4.0201005025125625
414     4.522613065326633
769     5.025125628140704
977     5.527638190954774
977     6.030150753768845
1164     6.532663316582915
1660     7.035175879396985
2280     7.5376884422110555
2562     8.040201005025125
2563     8.542713567839195
2596     9.045226130653266
2597     9.547738693467336
2631     10.050251256281408
2880     10.552763819095478
2962     11.055276381909549
20     0.5025125628140703
47     1.0050251256281406
47     1.5075376884422111
223     2.0100502512562812
274     2.512562814070352
374     3.0150753768844223
374     3.5175879396984926
413     4.0201005025125625
414     4.522613065326633
769     5.025125628140704
977     5.527638190954774
977     6.030150753768845
1164     6.532663316582915
1660     7.035175879396985
2280     7.5376884422110555
2562     8.040201005025125
2563     8.542713567839195
2596     9.045226130653266
2597     9.547738693467336
2631     10.050251256281408
2880     10.552763819095478
2962     11.055276381909549
20     0.5025125628140703
33     1.0050251256281406
33     1.5075376884422111
68     2.0100502512562812
88     2.512562814070352
133     3.0150753768844223
179     3.5175879396984926
252     4.0201005025125625
252     4.522613065326633
252     5.025125628140704
274     5.527638190954774
279     6.030150753768845
300     6.532663316582915
323     7.035175879396985
325     7.5376884422110555
336     8.040201005025125
348     8.542713567839195
353     9.045226130653266
366     9.547738693467336
404     10.050251256281408
421     10.552763819095478
461     11.055276381909549
485     11.557788944723619
512     12.06030150753769
544     12.56281407035176
545     13.06532663316583
553     13.5678391959799
554     14.07035175879397
555     14.57286432160804
558     15.075376884422111
559     15.577889447236181
566     16.08040201005025
566     16.582914572864322
587     17.08542713567839
604     17.587939698492463
604     18.09045226130653
604     18.592964824120603
606     19.09547738693467
606     19.597989949748744
614     20.100502512562816
614     20.603015075376884
623     21.105527638190956
631     21.608040201005025
634     22.110552763819097
650     22.613065326633166
658     23.115577889447238
658     23.618090452261306
660     24.12060301507538
677     24.623115577889447
677     25.12562814070352
682     25.628140703517587
703     26.13065326633166
719     26.633165829145728
747     27.1356783919598
747     27.63819095477387
763     28.14070351758794
770     28.64321608040201
807     29.14572864321608
810     29.64824120603015
813     30.150753768844222
822     30.65326633165829
823     31.155778894472363
839     31.65829145728643
862     32.1608040201005
875     32.663316582914575
887     33.165829145728644
889     33.66834170854271
908     34.17085427135678
909     34.67336683417086
915     35.175879396984925
916     35.678391959798994
916     36.18090452261306
919     36.68341708542714
939     37.185929648241206
939     37.688442211055275
1001     38.19095477386934
1001     38.69346733668342
1001     39.19597989949749
1014     39.698492462311556
1014     40.20100502512563
1014     40.7035175879397
1016     41.20603015075377
1017     41.70854271356784
1017     42.21105527638191
1018     42.71356783919598
1027     43.21608040201005
1030     43.71859296482412
1054     44.221105527638194
1054     44.72361809045226
1054     45.22613065326633
1061     45.7286432160804
1067     46.231155778894475
1078     46.733668341708544
1090     47.23618090452261
1093     47.73869346733668
1118     48.24120603015076
1120     48.743718592964825
1124     49.246231155778894
1124     49.74874371859296
1124     50.25125628140704
1125     50.753768844221106
1125     51.256281407035175
1138     51.75879396984924
1147     52.26130653266332
1158     52.76381909547739
1159     53.266331658291456
1159     53.768844221105525
1189     54.2713567839196
1190     54.77386934673367
1190     55.27638190954774
1199     55.778894472361806
1225     56.28140703517588
1234     56.78391959798995
1262     57.28643216080402
1275     57.78894472361809
1292     58.29145728643216
1298     58.79396984924623
1318     59.2964824120603
1325     59.79899497487437
1327     60.301507537688444
1350     60.80402010050251
1356     61.30653266331658
1366     61.80904522613066
1367     62.311557788944725
1381     62.814070351758794
1386     63.31658291457286
1394     63.81909547738694
1401     64.321608040201
1414     64.82412060301507
1414     65.32663316582915
1425     65.82914572864321
1444     66.33165829145729
1444     66.83417085427136
1467     67.33668341708542
1492     67.8391959798995
1522     68.34170854271356
1530     68.84422110552764
1532     69.34673366834171
1540     69.84924623115577
1546     70.35175879396985
1547     70.85427135678393
1549     71.35678391959799
1550     71.85929648241206
1553     72.36180904522612
1555     72.8643216080402
1582     73.36683417085428
1583     73.86934673366834
1584     74.37185929648241
1594     74.87437185929649
1596     75.37688442211055
1613     75.87939698492463
1616     76.38190954773869
1623     76.88442211055276
1623     77.38693467336684
1628     77.8894472361809
1630     78.39195979899498
1633     78.89447236180905
1643     79.39698492462311
1647     79.89949748743719
1648     80.40201005025126
1669     80.90452261306532
1682     81.4070351758794
1683     81.90954773869346
1683     82.41206030150754
1684     82.91457286432161
1690     83.41708542713567
1730     83.91959798994975
1734     84.42211055276383
1735     84.92462311557789
1735     85.42713567839196
1748     85.92964824120602
1763     86.4321608040201
1765     86.93467336683418
1770     87.43718592964824
1840     87.93969849246231
1850     88.44221105527639
1850     88.94472361809045
1851     89.44723618090453
1851     89.94974874371859
1853     90.45226130653266
1867     90.95477386934674
1886     91.4572864321608
1922     91.95979899497488
1954     92.46231155778895
1988     92.96482412060301
2006     93.46733668341709
2019     93.96984924623115
2043     94.47236180904522
2055     94.9748743718593
2092     95.47738693467336
2092     95.97989949748744
2109     96.48241206030151
2138     96.98492462311557
2182     97.48743718592965
2256     97.98994974874371
2324     98.49246231155779
2326     98.99497487437186
2525     99.49748743718592
2538     100.0
