20     0.5025125628140703
24     1.0050251256281406
24     1.5075376884422111
74     2.0100502512562812
122     2.512562814070352
129     3.0150753768844223
141     3.5175879396984926
147     4.0201005025125625
150     4.522613065326633
172     5.025125628140704
172     5.527638190954774
222     6.030150753768845
222     6.532663316582915
241     7.035175879396985
242     7.5376884422110555
249     8.040201005025125
270     8.542713567839195
286     9.045226130653266
286     9.547738693467336
316     10.050251256281408
321     10.552763819095478
326     11.055276381909549
331     11.557788944723619
350     12.06030150753769
353     12.56281407035176
367     13.06532663316583
375     13.5678391959799
377     14.07035175879397
386     14.57286432160804
386     15.075376884422111
386     15.577889447236181
386     16.08040201005025
389     16.582914572864322
389     17.08542713567839
391     17.587939698492463
391     18.09045226130653
391     18.592964824120603
391     19.09547738693467
392     19.597989949748744
406     20.100502512562816
406     20.603015075376884
406     21.105527638190956
412     21.608040201005025
412     22.110552763819097
453     22.613065326633166
462     23.115577889447238
463     23.618090452261306
463     24.12060301507538
468     24.623115577889447
472     25.12562814070352
483     25.628140703517587
493     26.13065326633166
493     26.633165829145728
498     27.1356783919598
508     27.63819095477387
510     28.14070351758794
513     28.64321608040201
514     29.14572864321608
529     29.64824120603015
533     30.150753768844222
533     30.65326633165829
533     31.155778894472363
533     31.65829145728643
535     32.1608040201005
541     32.663316582914575
541     33.165829145728644
543     33.66834170854271
558     34.17085427135678
558     34.67336683417086
559     35.175879396984925
568     35.678391959798994
584     36.18090452261306
584     36.68341708542714
586     37.185929648241206
590     37.688442211055275
590     38.19095477386934
590     38.69346733668342
590     39.19597989949749
590     39.698492462311556
602     40.20100502512563
610     40.7035175879397
612     41.20603015075377
614     41.70854271356784
629     42.21105527638191
632     42.71356783919598
645     43.21608040201005
645     43.71859296482412
656     44.221105527638194
656     44.72361809045226
667     45.22613065326633
669     45.7286432160804
669     46.231155778894475
730     46.733668341708544
730     47.23618090452261
738     47.73869346733668
739     48.24120603015076
739     48.743718592964825
742     49.246231155778894
752     49.74874371859296
752     50.25125628140704
755     50.753768844221106
778     51.256281407035175
787     51.75879396984924
794     52.26130653266332
815     52.76381909547739
818     53.266331658291456
818     53.768844221105525
821     54.2713567839196
834     54.77386934673367
835     55.27638190954774
845     55.778894472361806
852     56.28140703517588
852     56.78391959798995
860     57.28643216080402
860     57.78894472361809
873     58.29145728643216
874     58.79396984924623
874     59.2964824120603
889     59.79899497487437
898     60.301507537688444
898     60.80402010050251
918     61.30653266331658
937     61.80904522613066
953     62.311557788944725
957     62.814070351758794
957     63.31658291457286
970     63.81909547738694
970     64.321608040201
970     64.82412060301507
979     65.32663316582915
980     65.82914572864321
984     66.33165829145729
990     66.83417085427136
992     67.33668341708542
992     67.8391959798995
993     68.34170854271356
993     68.84422110552764
993     69.34673366834171
998     69.84924623115577
998     70.35175879396985
998     70.85427135678393
998     71.35678391959799
998     71.85929648241206
999     72.36180904522612
999     72.8643216080402
1002     73.36683417085428
1008     73.86934673366834
1008     74.37185929648241
1009     74.87437185929649
1009     75.37688442211055
1025     75.87939698492463
1026     76.38190954773869
1038     76.88442211055276
1066     77.38693467336684
1068     77.8894472361809
1069     78.39195979899498
1077     78.89447236180905
1077     79.39698492462311
1077     79.89949748743719
1085     80.40201005025126
1086     80.90452261306532
1095     81.4070351758794
1110     81.90954773869346
1110     82.41206030150754
1110     82.91457286432161
1110     83.41708542713567
1111     83.91959798994975
1111     84.42211055276383
1111     84.92462311557789
1111     85.42713567839196
1123     85.92964824120602
1155     86.4321608040201
1157     86.93467336683418
1157     87.43718592964824
1157     87.93969849246231
1157     88.44221105527639
1162     88.94472361809045
1184     89.44723618090453
1190     89.94974874371859
1251     90.45226130653266
1267     90.95477386934674
1269     91.4572864321608
1292     91.95979899497488
1292     92.46231155778895
1292     92.96482412060301
1292     93.46733668341709
1298     93.96984924623115
1307     94.47236180904522
1338     94.9748743718593
1344     95.47738693467336
1356     95.97989949748744
1356     96.48241206030151
1427     96.98492462311557
1439     97.48743718592965
1484     97.98994974874371
1519     98.49246231155779
1521     98.99497487437186
1581     99.49748743718592
1649     100.0
20     0.5025125628140703
24     1.0050251256281406
24     1.5075376884422111
74     2.0100502512562812
122     2.512562814070352
129     3.0150753768844223
141     3.5175879396984926
147     4.0201005025125625
150     4.522613065326633
172     5.025125628140704
172     5.527638190954774
222     6.030150753768845
222     6.532663316582915
241     7.035175879396985
242     7.5376884422110555
249     8.040201005025125
270     8.542713567839195
286     9.045226130653266
286     9.547738693467336
316     10.050251256281408
321     10.552763819095478
326     11.055276381909549
331     11.557788944723619
350     12.06030150753769
353     12.56281407035176
367     13.06532663316583
375     13.5678391959799
377     14.07035175879397
386     14.57286432160804
386     15.075376884422111
386     15.577889447236181
386     16.08040201005025
389     16.582914572864322
389     17.08542713567839
391     17.587939698492463
391     18.09045226130653
391     18.592964824120603
391     19.09547738693467
392     19.597989949748744
406     20.100502512562816
406     20.603015075376884
406     21.105527638190956
412     21.608040201005025
412     22.110552763819097
453     22.613065326633166
462     23.115577889447238
463     23.618090452261306
463     24.12060301507538
468     24.623115577889447
472     25.12562814070352
483     25.628140703517587
493     26.13065326633166
493     26.633165829145728
498     27.1356783919598
508     27.63819095477387
510     28.14070351758794
513     28.64321608040201
514     29.14572864321608
529     29.64824120603015
533     30.150753768844222
533     30.65326633165829
533     31.155778894472363
533     31.65829145728643
535     32.1608040201005
541     32.663316582914575
541     33.165829145728644
543     33.66834170854271
558     34.17085427135678
558     34.67336683417086
559     35.175879396984925
568     35.678391959798994
584     36.18090452261306
584     36.68341708542714
586     37.185929648241206
590     37.688442211055275
590     38.19095477386934
590     38.69346733668342
590     39.19597989949749
590     39.698492462311556
602     40.20100502512563
610     40.7035175879397
612     41.20603015075377
614     41.70854271356784
629     42.21105527638191
632     42.71356783919598
645     43.21608040201005
645     43.71859296482412
656     44.221105527638194
656     44.72361809045226
667     45.22613065326633
669     45.7286432160804
669     46.231155778894475
730     46.733668341708544
730     47.23618090452261
738     47.73869346733668
739     48.24120603015076
739     48.743718592964825
742     49.246231155778894
752     49.74874371859296
752     50.25125628140704
755     50.753768844221106
778     51.256281407035175
787     51.75879396984924
794     52.26130653266332
815     52.76381909547739
818     53.266331658291456
818     53.768844221105525
821     54.2713567839196
834     54.77386934673367
835     55.27638190954774
845     55.778894472361806
852     56.28140703517588
852     56.78391959798995
860     57.28643216080402
860     57.78894472361809
873     58.29145728643216
874     58.79396984924623
874     59.2964824120603
889     59.79899497487437
898     60.301507537688444
898     60.80402010050251
918     61.30653266331658
937     61.80904522613066
953     62.311557788944725
957     62.814070351758794
957     63.31658291457286
970     63.81909547738694
970     64.321608040201
970     64.82412060301507
979     65.32663316582915
980     65.82914572864321
984     66.33165829145729
990     66.83417085427136
992     67.33668341708542
992     67.8391959798995
993     68.34170854271356
993     68.84422110552764
993     69.34673366834171
998     69.84924623115577
998     70.35175879396985
998     70.85427135678393
998     71.35678391959799
998     71.85929648241206
999     72.36180904522612
999     72.8643216080402
1002     73.36683417085428
1008     73.86934673366834
1008     74.37185929648241
1009     74.87437185929649
1009     75.37688442211055
1025     75.87939698492463
1026     76.38190954773869
1038     76.88442211055276
1066     77.38693467336684
1068     77.8894472361809
1069     78.39195979899498
1077     78.89447236180905
1077     79.39698492462311
1077     79.89949748743719
1085     80.40201005025126
1086     80.90452261306532
1095     81.4070351758794
1110     81.90954773869346
1110     82.41206030150754
1110     82.91457286432161
1110     83.41708542713567
1111     83.91959798994975
1111     84.42211055276383
1111     84.92462311557789
1111     85.42713567839196
1123     85.92964824120602
1155     86.4321608040201
1157     86.93467336683418
1157     87.43718592964824
1157     87.93969849246231
1157     88.44221105527639
1162     88.94472361809045
1184     89.44723618090453
1190     89.94974874371859
1251     90.45226130653266
1267     90.95477386934674
1269     91.4572864321608
1292     91.95979899497488
1292     92.46231155778895
1292     92.96482412060301
1292     93.46733668341709
1298     93.96984924623115
1307     94.47236180904522
1338     94.9748743718593
1344     95.47738693467336
1356     95.97989949748744
1356     96.48241206030151
1427     96.98492462311557
1439     97.48743718592965
1484     97.98994974874371
1519     98.49246231155779
1521     98.99497487437186
1581     99.49748743718592
1649     100.0
20     0.5025125628140703
24     1.0050251256281406
24     1.5075376884422111
74     2.0100502512562812
122     2.512562814070352
129     3.0150753768844223
141     3.5175879396984926
147     4.0201005025125625
150     4.522613065326633
172     5.025125628140704
172     5.527638190954774
222     6.030150753768845
222     6.532663316582915
241     7.035175879396985
242     7.5376884422110555
249     8.040201005025125
270     8.542713567839195
286     9.045226130653266
286     9.547738693467336
316     10.050251256281408
321     10.552763819095478
326     11.055276381909549
331     11.557788944723619
350     12.06030150753769
353     12.56281407035176
367     13.06532663316583
375     13.5678391959799
377     14.07035175879397
386     14.57286432160804
386     15.075376884422111
386     15.577889447236181
386     16.08040201005025
389     16.582914572864322
389     17.08542713567839
391     17.587939698492463
391     18.09045226130653
391     18.592964824120603
391     19.09547738693467
392     19.597989949748744
406     20.100502512562816
406     20.603015075376884
406     21.105527638190956
412     21.608040201005025
412     22.110552763819097
453     22.613065326633166
462     23.115577889447238
463     23.618090452261306
463     24.12060301507538
468     24.623115577889447
472     25.12562814070352
483     25.628140703517587
493     26.13065326633166
493     26.633165829145728
498     27.1356783919598
508     27.63819095477387
510     28.14070351758794
513     28.64321608040201
514     29.14572864321608
529     29.64824120603015
533     30.150753768844222
533     30.65326633165829
533     31.155778894472363
533     31.65829145728643
535     32.1608040201005
541     32.663316582914575
541     33.165829145728644
543     33.66834170854271
558     34.17085427135678
558     34.67336683417086
559     35.175879396984925
568     35.678391959798994
584     36.18090452261306
584     36.68341708542714
586     37.185929648241206
590     37.688442211055275
590     38.19095477386934
590     38.69346733668342
590     39.19597989949749
590     39.698492462311556
602     40.20100502512563
610     40.7035175879397
612     41.20603015075377
614     41.70854271356784
629     42.21105527638191
632     42.71356783919598
645     43.21608040201005
645     43.71859296482412
656     44.221105527638194
656     44.72361809045226
667     45.22613065326633
669     45.7286432160804
669     46.231155778894475
730     46.733668341708544
730     47.23618090452261
738     47.73869346733668
739     48.24120603015076
739     48.743718592964825
742     49.246231155778894
752     49.74874371859296
752     50.25125628140704
755     50.753768844221106
778     51.256281407035175
787     51.75879396984924
794     52.26130653266332
815     52.76381909547739
818     53.266331658291456
818     53.768844221105525
821     54.2713567839196
834     54.77386934673367
835     55.27638190954774
845     55.778894472361806
852     56.28140703517588
852     56.78391959798995
860     57.28643216080402
860     57.78894472361809
873     58.29145728643216
874     58.79396984924623
874     59.2964824120603
889     59.79899497487437
898     60.301507537688444
898     60.80402010050251
918     61.30653266331658
937     61.80904522613066
953     62.311557788944725
957     62.814070351758794
957     63.31658291457286
970     63.81909547738694
970     64.321608040201
970     64.82412060301507
979     65.32663316582915
980     65.82914572864321
984     66.33165829145729
990     66.83417085427136
992     67.33668341708542
992     67.8391959798995
993     68.34170854271356
993     68.84422110552764
993     69.34673366834171
998     69.84924623115577
998     70.35175879396985
998     70.85427135678393
998     71.35678391959799
998     71.85929648241206
999     72.36180904522612
999     72.8643216080402
1002     73.36683417085428
1008     73.86934673366834
1008     74.37185929648241
1009     74.87437185929649
1009     75.37688442211055
1025     75.87939698492463
1026     76.38190954773869
1038     76.88442211055276
1066     77.38693467336684
1068     77.8894472361809
1069     78.39195979899498
1077     78.89447236180905
1077     79.39698492462311
1077     79.89949748743719
1085     80.40201005025126
1086     80.90452261306532
1095     81.4070351758794
1110     81.90954773869346
1110     82.41206030150754
1110     82.91457286432161
1110     83.41708542713567
1111     83.91959798994975
1111     84.42211055276383
1111     84.92462311557789
1111     85.42713567839196
1123     85.92964824120602
1155     86.4321608040201
1157     86.93467336683418
1157     87.43718592964824
1157     87.93969849246231
1157     88.44221105527639
1162     88.94472361809045
1184     89.44723618090453
1190     89.94974874371859
1251     90.45226130653266
1267     90.95477386934674
1269     91.4572864321608
1292     91.95979899497488
1292     92.46231155778895
1292     92.96482412060301
1292     93.46733668341709
1298     93.96984924623115
1307     94.47236180904522
1338     94.9748743718593
1344     95.47738693467336
1356     95.97989949748744
1356     96.48241206030151
1427     96.98492462311557
1439     97.48743718592965
1484     97.98994974874371
1519     98.49246231155779
1521     98.99497487437186
1581     99.49748743718592
1649     100.0
20     0.5025125628140703
24     1.0050251256281406
24     1.5075376884422111
74     2.0100502512562812
122     2.512562814070352
129     3.0150753768844223
141     3.5175879396984926
147     4.0201005025125625
150     4.522613065326633
172     5.025125628140704
172     5.527638190954774
222     6.030150753768845
222     6.532663316582915
241     7.035175879396985
242     7.5376884422110555
249     8.040201005025125
270     8.542713567839195
286     9.045226130653266
286     9.547738693467336
316     10.050251256281408
321     10.552763819095478
326     11.055276381909549
331     11.557788944723619
350     12.06030150753769
353     12.56281407035176
367     13.06532663316583
375     13.5678391959799
377     14.07035175879397
386     14.57286432160804
386     15.075376884422111
386     15.577889447236181
386     16.08040201005025
389     16.582914572864322
389     17.08542713567839
391     17.587939698492463
391     18.09045226130653
391     18.592964824120603
391     19.09547738693467
392     19.597989949748744
406     20.100502512562816
406     20.603015075376884
406     21.105527638190956
412     21.608040201005025
412     22.110552763819097
453     22.613065326633166
462     23.115577889447238
463     23.618090452261306
463     24.12060301507538
468     24.623115577889447
472     25.12562814070352
483     25.628140703517587
493     26.13065326633166
493     26.633165829145728
498     27.1356783919598
508     27.63819095477387
510     28.14070351758794
513     28.64321608040201
514     29.14572864321608
529     29.64824120603015
533     30.150753768844222
533     30.65326633165829
533     31.155778894472363
533     31.65829145728643
535     32.1608040201005
541     32.663316582914575
541     33.165829145728644
543     33.66834170854271
558     34.17085427135678
558     34.67336683417086
559     35.175879396984925
568     35.678391959798994
584     36.18090452261306
584     36.68341708542714
586     37.185929648241206
590     37.688442211055275
590     38.19095477386934
590     38.69346733668342
590     39.19597989949749
590     39.698492462311556
602     40.20100502512563
610     40.7035175879397
612     41.20603015075377
614     41.70854271356784
629     42.21105527638191
632     42.71356783919598
645     43.21608040201005
645     43.71859296482412
656     44.221105527638194
656     44.72361809045226
667     45.22613065326633
669     45.7286432160804
669     46.231155778894475
730     46.733668341708544
730     47.23618090452261
738     47.73869346733668
739     48.24120603015076
739     48.743718592964825
742     49.246231155778894
752     49.74874371859296
752     50.25125628140704
755     50.753768844221106
778     51.256281407035175
787     51.75879396984924
794     52.26130653266332
815     52.76381909547739
818     53.266331658291456
818     53.768844221105525
821     54.2713567839196
834     54.77386934673367
835     55.27638190954774
845     55.778894472361806
852     56.28140703517588
852     56.78391959798995
860     57.28643216080402
860     57.78894472361809
873     58.29145728643216
874     58.79396984924623
874     59.2964824120603
889     59.79899497487437
898     60.301507537688444
898     60.80402010050251
918     61.30653266331658
937     61.80904522613066
953     62.311557788944725
957     62.814070351758794
957     63.31658291457286
970     63.81909547738694
970     64.321608040201
970     64.82412060301507
979     65.32663316582915
980     65.82914572864321
984     66.33165829145729
990     66.83417085427136
992     67.33668341708542
992     67.8391959798995
993     68.34170854271356
993     68.84422110552764
993     69.34673366834171
998     69.84924623115577
998     70.35175879396985
998     70.85427135678393
998     71.35678391959799
998     71.85929648241206
999     72.36180904522612
999     72.8643216080402
1002     73.36683417085428
1008     73.86934673366834
1008     74.37185929648241
1009     74.87437185929649
1009     75.37688442211055
1025     75.87939698492463
1026     76.38190954773869
1038     76.88442211055276
1066     77.38693467336684
1068     77.8894472361809
1069     78.39195979899498
1077     78.89447236180905
1077     79.39698492462311
1077     79.89949748743719
1085     80.40201005025126
1086     80.90452261306532
1095     81.4070351758794
1110     81.90954773869346
1110     82.41206030150754
1110     82.91457286432161
1110     83.41708542713567
1111     83.91959798994975
1111     84.42211055276383
1111     84.92462311557789
1111     85.42713567839196
1123     85.92964824120602
1155     86.4321608040201
1157     86.93467336683418
1157     87.43718592964824
1157     87.93969849246231
1157     88.44221105527639
1162     88.94472361809045
1184     89.44723618090453
1190     89.94974874371859
1251     90.45226130653266
1267     90.95477386934674
1269     91.4572864321608
1292     91.95979899497488
1292     92.46231155778895
1292     92.96482412060301
1292     93.46733668341709
1298     93.96984924623115
1307     94.47236180904522
1338     94.9748743718593
1344     95.47738693467336
1356     95.97989949748744
1356     96.48241206030151
1427     96.98492462311557
1439     97.48743718592965
1484     97.98994974874371
1519     98.49246231155779
1521     98.99497487437186
1581     99.49748743718592
1649     100.0
